$ANSIBLE_VAULT;1.1;AES256
31633836343135313061656138303765663261643836336330323833623735623332383564336636
3461373238336638656230373330363462373434646161350a336262333133323131383732666134
65363030373738313139323830663164353539393637663539643037656633663262356461356638
3835346265386632390a656665366537323333323662326539376231653362333731396364373062
66613131636530393735616639613837363037306337306234643363643538313132336339316338
66393330613264313862393866353038346661396632336231646666376330616461326131386666
38626637636231373934363839323530333034636431363166346536646562373230343361623138
39613434326264653662363163643334323366323437346562636537663531343039353135316664
35386632336437616466376539343761616261613835323930633033306335666561646361323636
34366135386561303730663139393231353438313066633962353439313362653432653239313063
33386632643831383962376232363366636234373439623338643539363037613133366232323465
64316664613437653636333337613362363961373562306439633833636531613836383530363862
30623730663564363363383631303732326234666334643437623432663637346238663562613665
30643333303434356235396562306537633331376337326539306637363666646435306430326636
64633866376137623838333338373435333238313662643966326532656536316534636562363334
37393239636631383766626362323431376338666265343637616633653236363765636533666365
65353363333636326165366665393133336430316334623833633761623132323833343737356161
65376530393538363736653366646436666562383937353034653164353332636534376235323833
31613838326634393830306532366232313462663563356236373835643133396430633033393137
37323861316537303032303136326330313738386565343333373562396566393837336363643536
66333261326233333736393062353034323831343430363230656635643832623633383539396331
35363466383963326533643036626235306232393638363134333039316634363530633035363038
33646236326435666630323566633262613561306365653831663065363861653739356532366261
61333630336665626538323136376163393432663265393163633032306265373935346362383164
65616339333634623832363331336335653933396665333864373833656164363066383832373836
31636338316230336438333239393163666565386538653435333834333265376162353836313362
36633662353036396634663765623837646563633436313830643530323766353166646366613134
30653038666539353833653031643530306239363035386437383362656331356634643031616461
36626564303833626135626434313263376264363238386465626634366238376563356465303533
37613465323330653461336163373233633838653836633464386663343837616339313839396632
66366438653334303565636662343231626234363734626232303837386531323135393533386336
38663230383262346466653230633266616330653237323334316133613164623661653538636533
37346339356633333464636363626639643261646466663264663765396336393337313035633638
63636431613431613865663634336634613564366664633564636333393032333836346233646237
34353465666261333266643637363261666566623635386163376662353336646263356534633838
33303435653466306334353732633662333634313633623631326562383332613532303132633536
64613463333738633839323066336266383332376661383132633436386365643430303262353132
33326231613938613439366466366161316638653861653137623232363566306530353539333165
39353237613734356337376630306463346332386239666264626136323731326435613031333239
32333466383065636339646231386162343838353831363331303836616637616636366632326361
33383961313232353464623736363836356234313065356263336561366239656234663338666665
34383330663761326636336331346138636666353339383935626363373965636563306133326263
39336439353861343637636661653665643536393133623033666136393465303731393538616132
39373062383662373439356131346130646563393463333534636339303939343133633539376135
32306465633262346236643832376433343432346536396436666664373666366436616562353062
34636132306137613863393132303239363733333730313635343464343766373664353833316531
32393466326566363037663939323662353231353739383634333564363166383936363330353532
66386638346233666338323234323563666261393831636431323432373465326635303066353639
66613430613032346234643132663934613235323239626536633662393234303566313466333764
30666532366530616165656266636263343437383231366137633461646533386438636437626464
30643930383139313662666161333237303331333530626335653463393636313136373666363836
36383131313630653964633432323035623839613237643033386230633461613733396538623235
37666261613337376332336636333835353762356163643834666531633265336537366163663934
63313038343038613864363434353466356365386265336637373439613961306633626332353431
65373930646434643536643937666664333838383136626562303838613032393832323261613763
66376236656531336432333238386636613732343331636537636436623262633063326661333934
63326234663430646439626330326232303638353630656263323138663237353465356531316262
33646666366562326636346236653766633466656430383638613965623262613063313265383531
66663638326636323564373530376464393939616662363332333232316365373436393163346230
31616138363134333733393930303365613664323932643737313230346662363362396134303164
62323266373734383230626265376432383135646431363538323738336563333732396538376264
39613033656535313261616230656237326161336634306238336266393138363835363566373762
62666136643464376130393235383662656439396337636161383462383934363562616138343737
66373037393766653830313766613039376438393438333639613666663533356537613261616331
63663133386536303238643037353362366531623764633464376363613037353038336236383463
30313434633136346464393730623935383261393237356337623836346161313138376361363264
61656636353066646461613063643333663162316231333237313834656539306630643734346463
31633464376466656437613062393139316261343665656562333735653938393063336132656665
32343937343938393562333632616130393631613239306135303662346661646632613639336232
38633861613964303466613265613164373363383865616331323139646637663130386364353365
32333335616535346363356631333734656337626432633865366562353034653931383734633432
34343463326133636463383531333835336431376639366135643037316139396161613162633330
64656266633134346361303639646462643232656336623836316335343139653031343936626161
65313039343239396330613737313865366437663131663832653237383566313735366636396533
61363331343733396332333031303133393930393261306236306135343434656637616361376230
37343336343938353261666461616366656564656534613234383032353335363332336261396661
38326232383533376232636532343762333038633266646231383737303765353631616238623862
61653433613464353632313665333766643038613332663731643335316134663663643232303635
39613066613561336530356438643433313832623863353036353861353439653039636361646662
63346461333730643738653435323265636533343337386131343461636335626565373233623631
33313966646636316264383864656430386338383662306165633365303737323365623731613164
64323534346534343264313038333262373136303466653230353331313061646234356537383539
35306636613332363162393966613330633832333163646261623761306433366339396166376436
39356530353939643539343836313331336239363034303566643934306538633332626633613532
30666135663234333665656630303162323034346630653265363963376138636433613163333136
37643339383561666534373633623838386330323536373838353534643138343865383565373934
38363861663534303063343234316263303161326131313336303839623336353138613537333062
31393332363630653763333365353338643161343339633466376137626635306139633164613437
38386135343632346336323761663432326237306635396238326465646362363766333864643538
31373535396233383333616635313366356662376338326535633938373064653031363663643464
32666239376231653630346135646535623534623763333866366534386138653662316465343038
38653766653938316333393235326531343538313464323531626361333730333537306265363633
32613437333439393161366661396261646333333965373831623333633233356135623033353331
39653433663661663537666164643337396464376432353636306637376233356366346534663461
39343261363062633736366138383430346332366530643261623330333834353563333366356166
38373266343637653864666233613630343363666233633736643039333332356239343466666536
65366665366631613462326264633433316262393637346638323438373932653364313038653164
31653833376438343436353439613830613435393236333061336137356562393962626135356238
61636334333231653763623935353466386235356335653330323763383439363338663565343736
61323739386664626532613130343866343633373839303964613263663062343530353535643238
35373635653434656639366637363463356162393338666562343836643965353361373561333861
32336137353533373639373336316535663463656137666466373062373334353131393935333163
36346636623562323335656466313739663336646438383835376266376662333832373665383630
63613532316335383234333733356235626232376232626532306264383535313437356235313764
30303163623936623263636435373366366531613066393234396533623132346365313432613366
30653234346461303330383730663834373636383834376465356361656531336330613032323738
36376264386137613065316464353265303831303535646239633638366565656631613633646366
37373638356565383032313061373962386432636461616364623763383838336334643637376263
31363537393336646564396137356438393866613137623139333635333230623739626462313661
66616634376331663131666436616333643836383733306361383838373135666163346564613261
64383065313263626561656136373931396239626634383862616466386537633731303832346462
37643939643032633431336330656365653564333834323034663832373133313363306238396265
37373766313666353065646338316438633032353663343266343038343564643764303866646131
64616266353337323436653730613539653731323836373336306436643933386134396138363734
61313764633861653664353938656330646331353763313132616334353735653231653033613761
35383831383030353365616330313631386430306637313933663963303033386137376435666332
32643938376134643232643165373262353464356331346539363431616230663634393937306439
37333864363336313435373433613531316436323466663732366661373338663334393131663633
64653466663033376365633131633438323864366364333866633662383631373362396334396438
33353839396134313734646665643036343366613664366166353462343537633530336136663234
65383233633863616664396231393065336130353661383461326535636662303633316534323765
61313564376466373563333236363530326337643737643937393664313830626563366331346265
34633032633837353338646538623431313831613963303863303439343462616132643335383462
39316361306333393935366631616437623236613463393330633035333262376539373166303961
33376465333462346165333635313932623036343761333738663738666561303166356339613931
39323138356462373939653937396563363063633834383439393032303233303864656261646163
63303239626130306236373338333462633365333037653037643335663139346565303561376665
32303566363461663732623838373235363466393963313530616337333539383737343736383763
30313566313564316533666661303931303534313361356336366566376666613339623938366335
34386134363565373634626234383339333263323936383733313735326137316339663830373831
65663565376464303535366364633966376438356330653266633163613131363230316537346337
30663566316563633464343935633034333066636538316164666436666531396161313836623664
63353938383938303066613830623831626636626230353938383865623431643937396330343736
30393064623636626139613434343764333435313131333465616239383839626632316336336433
33393064653433343733343635323634623434333062626463333231323034613138656136363830
37303766616439613432363039366365376433343330613234323563303761326632396466663839
33356665353664393436306465373832393737613066616136326464636166313965333061613439
33613163616538313636346463613535616335373663363639623965383935323335653239363664
39336336663736613235363162383232373031366436653465313665393138623730623330623732
33333835326663666539353132346666343731363762313236356134323966643635643434663731
65393035613761346634636333346133313036353937396566633734356534316335396332393662
63363237643263376363633964336332373432623336386633623663626138366539653464333636
65373133373235363361613732346334656263363434623232376136376134653532636539353630
65626330366139333264336137373034373435383362333062393032336134366663396634363830
38313361646234646533616435376232636135663636343532376439306164663535343163363562
30623861663362333064393661363737663237346461636237633032643166643433346430383164
39656535646631386137643737383733386136303934626366626661656534373331356663316365
36616239313731316230346632386635313136323231366162343431663330353964663733663862
39353664393463653034333563393861346466633732336632626464353266373562353532613266
64353161643330373164313331326261323830666131613564613537326461376331623162663935
30373931653839326565366231333039353136633265393732383135396439396162303831303830
32306666646636346531616538613133396136626163353135643665366365653030636534313934
30353432613332613636383161326665663531396131616431346464323339353531386637656530
63646232353432613334316533333336333263353238343732633938353631616138616532346630
37306366643466363861626132666631393638376636336434363136336630343839356264633931
34373831653032643935653362643239396130663438363336623836373431613935383536663334
66666634306635353162363438303934613038306439363565396661613161363332616432613732
66343262303330663865366135393334636230613461383664656432333534643937336465613562
36656237646333346265626632303331316130643438353634653632386236623931623666303465
36336362613030363366306632393861356662653038383666373261653763383063633937356538
35326235613665353965326436653139333937336263353566393933333866366430633565623034
66653339666435633031663438383139323437613430326638373162376366653933373930386266
34636333663833346435393061306633303335313765616330633030643231383436623139313132
31623666373337323532306632303265623761633536663933326563333566663766363938383263
33356534303937376330653333356161616230396465613838363065643334396662343762373834
31666662656664376235636232373537643532373365303863316335333637323262356361383937
65363733386434366331613465336162303665656637306262636237343332623461643339636237
38303065396436633435316235376432663864303763316637393466383332626365643866623063
30326437303265313934316563346136306539663830376364383062363537356637366635386534
34343361613239366537356131386538653564326464396138356236313538633262386431653766
38343438303065346138613332633165646563363461363838653834393834323639383562336464
65633936383437323634643065356233326261303439336463653263376339386638346337646433
33383131663165663635313133633638636364636365313533653963363564633363
